          
lambda:0.00  theta:0.20  gamma:0.00 
  0.00	  0.02	  0.04	  0.06	  0.08	
 28.70	 28.29	 28.31	 28.23	 28.24	
  2.05	  1.51	  1.63	  1.83	  1.86	
4215.88	1352.90	472.46	201.08	140.09	
2638.53	2168.90	1266.56	716.52	534.18	
 -0.47	 -0.29	 -0.19	 -0.16	 -0.16	
  0.24	  0.02	  0.01	  0.00	  0.00	
  0.12	  0.01	  0.00	  0.00	  0.00	
  0.05	  0.01	  0.00	  0.00	  0.00	
  0.02	  0.01	  0.00	  0.00	  0.00	
  0.32	  0.08	  0.06	  0.00	  0.00	
  0.16	  0.02	  0.00	  0.00	  0.00	
  0.06	  0.02	  0.00	  0.00	  0.00	
  0.03	  0.02	  0.00	  0.00	  0.00	
          
     Data 
          
 30.00	
 13.20	
3009.00	
4015.40	
  0.35	
  0.14	
  0.16	
  0.13	
  0.12	
  0.32	
  0.34	
  0.29	
  0.25	
