          
lambda:0.00  theta:0.25  gamma:0.00 
  0.00	  0.02	  0.04	  0.06	
 30.01	 30.11	 29.70	 29.66	
  1.99	  1.96	  2.11	  2.26	
2636.81	1594.50	780.63	467.51	
2602.57	2206.29	1603.50	1213.90	
 -0.53	 -0.43	 -0.28	 -0.27	
  0.13	  0.04	  0.01	  0.01	
  0.05	  0.01	  0.01	  0.01	
  0.02	  0.01	  0.00	  0.00	
  0.01	  0.01	  0.00	  0.00	
  0.27	  0.15	  0.07	  0.14	
  0.09	  0.04	  0.04	  0.07	
  0.03	  0.04	  0.00	  0.00	
  0.01	  0.02	  0.00	  0.00	
          
     Data 
          
 30.00	
 13.20	
3009.00	
4015.40	
  0.35	
  0.14	
  0.16	
  0.13	
  0.12	
  0.32	
  0.34	
  0.29	
  0.25	
