          
lambda:0.00  theta:0.50  gamma:0.00 
  0.00	  0.02	  0.04	  0.06	  0.08	
 26.74	 26.48	 26.14	 26.14	 26.07	
  3.02	  3.05	  3.16	  3.22	  3.32	
1342.41	1068.13	835.02	800.17	727.66	
1909.44	1645.65	1420.40	1383.93	1298.26	
 -0.24	 -0.24	 -0.22	 -0.20	 -0.22	
  0.12	  0.09	  0.07	  0.07	  0.06	
  0.06	  0.04	  0.03	  0.03	  0.03	
  0.03	  0.03	  0.03	  0.03	  0.03	
  0.02	  0.02	  0.02	  0.02	  0.01	
          
     Data 
          
 26.20	
 12.30	
2415.80	
3588.70	
  0.31	
  0.13	
  0.14	
  0.12	
  0.10	
