          
lambda:0.00  theta:0.40  gamma:0.00 
  0.00	  0.02	  0.04	  0.06	  0.08	
 26.40	 26.40	 26.16	 25.73	 25.72	
  2.61	  2.55	  2.54	  2.55	  2.63	
1734.15	1388.08	1184.95	877.04	786.41	
2198.59	1967.21	1784.27	1501.68	1426.28	
 -0.22	 -0.18	 -0.16	 -0.21	 -0.19	
  0.12	  0.09	  0.08	  0.06	  0.05	
  0.06	  0.05	  0.04	  0.03	  0.03	
  0.04	  0.03	  0.03	  0.03	  0.02	
  0.02	  0.02	  0.02	  0.01	  0.02	
          
     Data 
          
 26.20	
 12.30	
2415.80	
3588.70	
  0.31	
  0.13	
  0.14	
  0.12	
  0.10	
