          
lambda:0.00  theta:0.35  gamma:18.00 
  0.00	  0.01	  0.02	  0.03	  0.04	  0.05	  0.06	  0.07	
 26.04	 26.02	 26.01	 25.30	 25.19	 25.19	 25.15	 25.17	
 13.09	 13.10	 13.12	 13.69	 13.88	 13.88	 13.95	 13.94	
689.47	668.56	662.60	596.79	541.88	539.64	514.86	511.58	
848.92	827.97	823.50	785.09	752.37	749.66	738.08	734.46	
  0.38	  0.39	  0.39	  0.40	  0.43	  0.43	  0.42	  0.42	
 29.03	 28.99	 28.95	 27.59	 29.78	 29.78	 29.95	 29.95	
 21.17	 21.08	 21.05	 20.75	 20.74	 20.73	 21.06	 21.11	
  7.86	  7.90	  7.90	  6.84	  9.05	  9.06	  8.89	  8.84	
          
     Data 
          
 24.90	
 11.10	
1231.50	
1281.20	
  0.34	
 26.20	
 23.40	
  2.80	
