          
lambda:0.00  theta:0.21  gamma:15.00 
  0.00	  0.01	  0.02	  0.03	  0.04	  0.05	  0.06	  0.07	  0.08	  0.09	  0.10	  0.12	
 24.65	 24.67	 24.65	 24.57	 24.57	 24.57	 24.44	 24.42	 24.42	 24.42	 24.43	 24.36	
 10.99	 10.94	 10.93	 10.88	 10.89	 10.90	 10.90	 10.89	 10.92	 10.93	 10.97	 11.08	
1681.85	1439.55	1285.28	1119.65	973.72	829.36	696.63	584.11	481.85	429.92	352.62	284.84	
1397.51	1377.69	1330.86	1274.68	1199.79	1131.65	1043.79	944.27	835.25	758.12	646.49	536.88	
  0.07	  0.08	  0.08	  0.09	  0.10	  0.10	  0.11	  0.12	  0.15	  0.16	  0.19	  0.22	
 25.45	 25.18	 25.23	 25.70	 26.03	 26.16	 26.41	 26.05	 27.13	 27.28	 27.99	 28.98	
 22.04	 22.28	 22.14	 21.79	 22.19	 21.96	 22.25	 22.30	 21.55	 21.53	 21.92	 22.40	
  3.42	  2.90	  3.09	  3.92	  3.84	  4.21	  4.16	  3.75	  5.58	  5.75	  6.06	  6.58	
          
     Data 
          
 24.90	
 11.10	
1231.50	
1281.20	
  0.34	
 26.20	
 23.40	
  2.80	
