          
lambda:0.60  theta:0.30  gamma:0.00 
  0.00	  0.01	  0.02	  0.03	  0.04	  0.05	  0.06	  0.07	  0.08	
 24.65	 24.65	 24.75	 24.74	 24.76	 24.77	 24.82	 24.91	 24.99	
 10.72	 10.72	 10.66	 10.69	 10.70	 10.68	 10.60	 10.52	 10.47	
858.48	859.20	860.34	860.42	859.29	858.99	857.48	844.83	843.09	
1169.63	1170.86	1172.39	1172.41	1173.24	1173.03	1169.52	1162.82	1162.83	
  0.64	  0.64	  0.64	  0.64	  0.64	  0.64	  0.64	  0.64	  0.64	
 35.27	 35.27	 35.28	 35.28	 35.37	 35.37	 35.37	 35.37	 35.37	
 21.18	 21.17	 21.34	 21.35	 21.30	 21.26	 21.30	 21.34	 20.96	
 14.09	 14.10	 13.94	 13.93	 14.07	 14.11	 14.07	 14.04	 14.42	
          
     Data 
          
 24.90	
 11.10	
1231.50	
1281.20	
  0.34	
 26.20	
 23.40	
  2.80	
