          
lambda:0.00  theta:0.30  gamma:0.00 
  0.00	  0.01	  0.02	  0.03	
 20.50	 20.21	 20.07	 19.99	
  2.32	  2.05	  1.97	  1.95	
1734.64	1119.78	730.17	518.30	
2268.90	1852.23	1482.19	1171.41	
  0.10	  0.06	  0.00	 -0.07	
  0.10	  0.06	  0.03	  0.02	
  0.05	  0.03	  0.02	  0.01	
  0.02	  0.01	  0.01	  0.01	
  0.01	  0.01	  0.00	  0.00	
  0.23	  0.22	  0.17	  0.14	
  0.11	  0.11	  0.09	  0.08	
  0.05	  0.05	  0.04	  0.04	
  0.02	  0.03	  0.02	  0.02	
          
     Data 
          
 26.20	
 12.30	
2415.80	
3588.70	
  0.31	
  0.13	
  0.14	
  0.12	
  0.10	
  0.30	
  0.32	
  0.26	
  0.23	
