          
lambda:0.00  theta:0.28  gamma:0.00 
  0.00	  0.01	  0.02	  0.03	
 25.44	 25.37	 25.11	 24.90	
  2.38	  2.34	  2.36	  2.36	
1904.57	1093.29	802.94	514.41	
2252.03	1787.46	1569.74	1245.58	
 -0.00	  0.03	  0.02	 -0.05	
  0.13	  0.08	  0.04	  0.03	
  0.06	  0.04	  0.02	  0.02	
  0.03	  0.03	  0.02	  0.01	
  0.02	  0.01	  0.01	  0.00	
  0.29	  0.29	  0.21	  0.21	
  0.13	  0.14	  0.11	  0.12	
  0.07	  0.09	  0.07	  0.06	
  0.03	  0.05	  0.05	  0.02	
          
     Data 
          
 26.20	
 12.30	
2415.80	
3588.70	
  0.31	
  0.13	
  0.14	
  0.12	
  0.10	
  0.30	
  0.32	
  0.26	
  0.23	
