          
lambda:0.00  theta:0.00  gamma:0.00 
  0.00	  0.02	  0.04	  0.06	  0.08	
 25.78	 25.78	 25.78	 25.77	 25.78	
  2.94	  2.89	  2.90	  2.91	  2.95	
5811.93	5843.66	5843.66	5843.66	5825.17	
2700.68	2695.70	2695.70	2695.70	2700.55	
 -0.04	 -0.08	 -0.06	 -0.05	 -0.04	
  0.73	  0.00	  0.00	  0.00	  0.67	
  0.64	  0.00	  0.00	  0.00	  0.00	
  0.00	  0.00	  0.00	  0.00	  0.00	
  0.00	  0.00	  0.00	  0.00	  0.00	
          
     Data 
          
 26.20	
 12.30	
2415.80	
3588.70	
  0.31	
  0.13	
  0.14	
  0.12	
  0.10	
