          
lambda:0.00  theta:0.30  gamma:14.00 
  0.00	  0.01	  0.02	  0.03	  0.04	  0.05	  0.06	  0.07	  0.08	  0.09	  0.10	  0.12	
 25.09	 25.04	 24.98	 25.01	 24.93	 24.77	 24.77	 24.79	 24.76	 24.79	 24.80	 24.76	
 10.18	 10.17	 10.22	 10.18	 10.19	 10.03	 10.02	 10.01	 10.11	 10.11	 10.10	 10.17	
1126.99	1063.01	1009.50	870.70	805.26	754.33	738.92	723.51	646.04	579.81	570.78	510.38	
1281.26	1264.44	1239.73	1145.67	1089.68	1049.77	1029.99	1013.12	981.61	908.24	896.64	824.15	
  0.04	  0.04	  0.04	  0.04	  0.06	  0.06	  0.06	  0.06	  0.09	  0.10	  0.10	  0.10	
 24.48	 24.29	 24.31	 24.24	 24.23	 24.08	 24.12	 24.18	 25.82	 26.01	 26.01	 25.87	
 21.51	 21.26	 21.36	 21.49	 21.40	 21.52	 21.43	 21.41	 21.19	 21.02	 20.99	 21.21	
  2.97	  3.02	  2.95	  2.75	  2.83	  2.56	  2.70	  2.77	  4.63	  4.99	  5.02	  4.66	
          
     Data 
          
 24.90	
 11.10	
1231.50	
1281.20	
  0.34	
 26.20	
 23.40	
  2.80	
