          
lambda:0.00  theta:0.35  gamma:15.00 
  0.00	  0.01	  0.02	  0.03	  0.04	  0.05	  0.06	  0.07	
 34.64	 28.16	 28.13	 28.15	 28.14	 28.14	 28.14	 27.98	
 25.17	 21.12	 21.19	 21.37	 21.35	 21.34	 21.33	 21.33	
6021.66	7164.46	7183.61	7171.88	7172.53	7174.21	7173.88	7182.01	
1909.49	1508.06	1513.78	1549.28	1547.90	1543.70	1544.97	1552.67	
  0.23	  0.20	  0.20	  0.20	  0.20	  0.20	  0.20	  0.18	
 34.79	 27.76	 27.74	 27.75	 27.74	 27.71	 27.70	 27.53	
 19.12	 19.39	 19.37	 19.29	 19.29	 19.22	 19.10	 19.11	
 15.67	  8.36	  8.37	  8.46	  8.45	  8.49	  8.60	  8.42	
          
     Data 
          
 24.90	
 11.10	
1231.50	
1281.20	
  0.34	
 26.20	
 23.40	
  2.80	
