          
lambda:0.00  theta:0.22  gamma:0.00 
  0.00	  0.02	  0.04	  0.06	
 30.07	 29.98	 29.62	 29.60	
  1.98	  1.81	  1.97	  2.05	
3369.98	1660.58	582.27	369.93	
2677.80	2325.71	1424.10	1071.99	
 -0.53	 -0.41	 -0.20	 -0.26	
  0.18	  0.04	  0.01	  0.01	
  0.09	  0.01	  0.00	  0.01	
  0.04	  0.01	  0.00	  0.00	
  0.02	  0.01	  0.00	  0.00	
  0.28	  0.15	  0.05	  0.08	
  0.13	  0.04	  0.00	  0.08	
  0.06	  0.04	  0.00	  0.00	
  0.02	  0.02	  0.00	  0.00	
          
     Data 
          
 30.00	
 13.20	
3009.00	
4015.40	
  0.35	
  0.14	
  0.16	
  0.13	
  0.12	
  0.32	
  0.34	
  0.29	
  0.25	
