          
lambda:0.00  theta:0.21  gamma:0.00 
  0.00	  0.01	  0.02	  0.03	
 27.70	 27.07	 26.91	 26.76	
  3.00	  2.37	  2.04	  1.78	
5063.98	2951.89	996.02	435.72	
2621.05	3093.26	2023.89	1217.21	
 -0.19	 -0.13	  0.04	 -0.01	
  0.26	  0.11	  0.02	  0.01	
  0.12	  0.05	  0.01	  0.01	
  0.05	  0.02	  0.00	  0.00	
  0.02	  0.01	  0.00	  0.00	
  0.31	  0.23	  0.11	  0.11	
  0.15	  0.10	  0.05	  0.06	
  0.06	  0.05	  0.02	  0.05	
  0.03	  0.02	  0.02	  0.03	
          
     Data 
          
 26.20	
 12.30	
2415.80	
3588.70	
  0.31	
  0.13	
  0.14	
  0.12	
  0.10	
  0.30	
  0.32	
  0.26	
  0.23	
