          
lambda:0.00  theta:0.10  gamma:0.00 
  0.00	  0.02	  0.04	  0.06	  0.08	
 25.80	 25.72	 25.72	 25.76	 26.08	
  2.68	  2.96	  2.79	  2.72	  2.84	
5530.47	5802.12	5531.27	5149.40	4395.66	
2580.12	2684.25	2606.24	2800.72	2662.01	
 -0.09	 -0.08	 -0.08	 -0.05	  0.13	
  0.44	  0.06	  0.00	  0.42	  0.43	
  0.25	  0.01	  0.00	  0.22	  0.21	
  0.12	  0.01	  0.00	  0.10	  0.09	
  0.09	  0.00	  0.00	  0.06	  0.06	
          
     Data 
          
 26.20	
 12.30	
2415.80	
3588.70	
  0.31	
  0.13	
  0.14	
  0.12	
  0.10	
