          
lambda:0.00  theta:0.32  gamma:15.00 
  0.00	  0.01	  0.02	  0.03	  0.04	  0.05	  0.06	  0.07	  0.08	  0.09	  0.10	  0.12	
 25.08	 25.07	 25.07	 24.88	 24.87	 24.78	 24.76	 24.77	 24.74	 24.76	 24.74	 24.73	
 10.91	 10.92	 10.89	 11.03	 11.09	 11.11	 11.14	 11.15	 11.19	 11.19	 11.25	 11.30	
718.87	712.89	677.19	597.27	553.19	508.07	477.38	460.36	434.69	432.96	407.66	380.32	
919.53	915.06	879.55	826.36	786.79	730.94	695.33	671.83	648.76	647.27	625.40	600.76	
  0.24	  0.24	  0.25	  0.29	  0.29	  0.30	  0.29	  0.29	  0.28	  0.28	  0.27	  0.27	
 26.12	 26.10	 26.30	 27.83	 27.77	 28.43	 27.99	 27.99	 27.95	 27.95	 28.22	 28.23	
 21.17	 21.08	 21.26	 21.25	 21.36	 21.33	 21.20	 21.17	 21.08	 21.06	 21.44	 21.40	
  4.95	  5.01	  5.03	  6.58	  6.41	  7.10	  6.80	  6.82	  6.87	  6.89	  6.79	  6.83	
          
     Data 
          
 24.90	
 11.10	
1231.50	
1281.20	
  0.34	
 26.20	
 23.40	
  2.80	
