          
lambda:0.00  theta:0.30  gamma:15.00 
  0.00	  0.01	  0.02	  0.03	  0.04	  0.05	  0.06	  0.07	  0.08	  0.09	  0.10	  0.12	
 25.22	 24.86	 24.80	 24.77	 24.77	 24.68	 24.60	 24.57	 24.60	 24.60	 24.57	 24.53	
 11.13	 11.03	 11.07	 11.09	 11.06	 11.15	 11.18	 11.20	 11.20	 11.21	 11.26	 11.38	
1020.15	808.10	740.13	606.56	601.58	524.98	485.26	451.19	431.57	422.53	411.38	357.75	
1119.32	1019.99	967.98	836.30	832.03	751.76	698.55	665.90	632.33	620.97	609.28	549.97	
  0.18	  0.22	  0.24	  0.30	  0.29	  0.32	  0.34	  0.31	  0.32	  0.32	  0.31	  0.31	
 25.74	 26.99	 27.70	 27.79	 27.77	 28.25	 28.36	 28.16	 28.12	 28.14	 28.54	 28.67	
 21.19	 20.93	 20.69	 20.69	 20.66	 21.09	 21.35	 21.18	 21.24	 21.22	 20.95	 21.25	
  4.54	  6.06	  7.01	  7.10	  7.11	  7.16	  7.01	  6.98	  6.88	  6.92	  7.59	  7.41	
          
     Data 
          
 24.90	
 11.10	
1231.50	
1281.20	
  0.34	
 26.20	
 23.40	
  2.80	
