          
lambda:0.00  theta:0.25  gamma:15.00 
  0.00	  0.01	  0.02	  0.03	  0.04	  0.05	  0.06	  0.07	
 24.88	 24.77	 24.77	 24.72	 24.68	 24.67	 24.57	 24.59	
 11.00	 10.97	 10.97	 10.96	 10.94	 10.92	 10.94	 10.95	
1237.67	1080.33	1008.05	927.73	874.06	819.48	691.94	629.49	
1274.40	1222.13	1195.09	1151.44	1119.50	1090.80	990.94	926.12	
  0.09	  0.10	  0.11	  0.12	  0.12	  0.12	  0.15	  0.17	
 25.10	 25.61	 26.01	 26.33	 26.55	 26.60	 26.91	 27.00	
 21.91	 22.02	 21.92	 21.81	 21.59	 21.82	 21.74	 21.89	
  3.19	  3.58	  4.09	  4.51	  4.96	  4.78	  5.17	  5.11	
          
     Data 
          
 24.90	
 11.10	
1231.50	
1281.20	
  0.34	
 26.20	
 23.40	
  2.80	
