          
lambda:0.60  theta:0.60  gamma:0.00 
  0.00	  0.01	  0.02	  0.03	  0.04	  0.05	  0.06	  0.07	  0.08	
 27.25	 27.30	 27.52	 27.77	 27.81	 27.85	 27.85	 27.87	 27.90	
 13.22	 13.19	 13.42	 13.41	 13.42	 13.43	 13.41	 13.42	 13.41	
1344.01	1344.43	1362.70	1373.40	1374.37	1377.79	1377.44	1378.57	1378.61	
1681.74	1681.87	1708.25	1721.12	1723.24	1728.83	1730.45	1731.89	1730.88	
  0.41	  0.41	  0.42	  0.41	  0.41	  0.41	  0.41	  0.41	  0.41	
 38.05	 38.05	 38.44	 38.87	 38.87	 38.87	 38.87	 38.99	 38.99	
 21.15	 21.17	 21.36	 21.79	 21.74	 21.69	 21.64	 21.55	 21.52	
 16.90	 16.87	 17.08	 17.09	 17.13	 17.18	 17.23	 17.43	 17.47	
          
     Data 
          
 24.90	
 11.10	
1231.50	
1281.20	
  0.34	
 26.20	
 23.40	
  2.80	
