          
lambda:0.15  theta:0.00  gamma:0.00 
  0.01	  0.02	  0.03	  0.04	  0.05	  0.08	
 25.37	 25.47	 25.44	 25.56	 25.56	 25.64	
  2.91	  2.97	  2.96	  3.06	  3.00	  2.93	
1999.29	1669.39	1290.49	1009.84	785.56	385.94	
1480.33	1479.71	1369.79	1268.73	1132.64	713.40	
 -0.03	  0.01	  0.12	  0.17	  0.24	  0.54	
 26.02	 26.24	 26.85	 27.04	 27.71	 28.56	
 23.81	 23.81	 24.02	 23.97	 23.92	 23.97	
  2.20	  2.43	  2.82	  3.07	  3.79	  4.59	
          
     Data 
          
 24.90	
 11.10	
1231.50	
1281.20	
  0.34	
 26.20	
 23.40	
  2.80	
