          
lambda:0.15  theta:0.10  gamma:0.00 
  0.01	  0.02	  0.03	  0.04	  0.05	  0.08	
 25.60	 25.60	 25.66	 25.67	 25.69	 25.64	
  2.92	  2.90	  2.94	  2.92	  2.95	  2.85	
1717.98	1488.58	1302.46	1126.41	963.13	639.78	
1448.30	1429.47	1372.59	1316.10	1223.16	1013.63	
 -0.03	  0.01	  0.05	  0.09	  0.14	  0.25	
 26.69	 26.84	 26.81	 27.11	 27.21	 28.03	
 24.02	 24.03	 23.96	 23.76	 23.63	 23.46	
  2.68	  2.81	  2.85	  3.35	  3.58	  4.57	
          
     Data 
          
 24.90	
 11.10	
1231.50	
1281.20	
  0.34	
 26.20	
 23.40	
  2.80	
