          
lambda:0.15  theta:0.20  gamma:0.00 
  0.01	  0.02	  0.03	  0.04	  0.05	  0.08	
 26.11	 26.10	 26.11	 26.10	 26.11	 26.09	
  3.05	  3.05	  3.05	  3.06	  3.00	  3.04	
1149.89	1094.24	1057.57	1012.31	960.12	830.43	
1285.75	1264.19	1246.47	1225.92	1200.96	1129.91	
 -0.04	 -0.03	 -0.03	 -0.02	 -0.00	  0.01	
 26.86	 27.27	 27.47	 27.68	 27.58	 27.58	
 23.45	 23.28	 23.31	 23.23	 23.23	 23.18	
  3.41	  3.99	  4.16	  4.45	  4.34	  4.39	
          
     Data 
          
 24.90	
 11.10	
1231.50	
1281.20	
  0.34	
 26.20	
 23.40	
  2.80	
