          
lambda:0.20  theta:0.00  gamma:0.00 
  0.01	  0.02	  0.03	  0.04	  0.05	  0.08	
 25.87	 26.46	 26.79	 26.86	 26.75	 26.57	
  4.74	  5.35	  5.53	  5.45	  5.28	  4.99	
5413.65	4021.31	2689.47	1686.62	1063.97	502.23	
2844.84	3000.29	2768.48	2230.65	1790.79	1078.65	
 -0.19	 -0.11	  0.01	  0.16	  0.26	  0.51	
 26.50	 27.78	 29.15	 30.64	 31.62	 33.19	
 23.03	 23.51	 23.55	 23.52	 23.74	 23.36	
  3.47	  4.26	  5.59	  7.11	  7.89	  9.83	
          
     Data 
          
 24.90	
 11.10	
1231.50	
1281.20	
  0.34	
 26.20	
 23.40	
  2.80	
